74, 9, 47, 195, 22, 103, 22, 38, 101, 35, 18, 23
33, 23, 69, 73, 25, 113, 115, 71
52, 7, 10, 37, 37, 30
68, 54, 17, 115, 10, 196, 7, 2, 14
19, 65, 15, 79, 243, 52, 85, 11, 23, 8, 26, 27, 5, 29, 20, 9
5, 67, 61, 68, 68, 75, 12, 25, 3, 102
10, 55, 58, 6, 76, 38, 76, 33
20, 19, 136, 31, 38, 4, 102
34, 50, 27, 32, 13, 8, 78, 11, 22
16, 5, 6, 75, 8, 8, 89, 33, 23, 152, 143, 4, 53, 12
25, 12, 38, 24, 113, 27, 20, 122, 24, 23
25, 108, 106, 78, 50, 27, 17, 152, 7, 14, 29
40, 170, 7, 6, 9, 15, 42, 16
12, 60, 71, 25, 135, 12, 57, 15, 51, 103
39, 15, 103, 48, 17, 20, 246, 2
60, 46, 8
29, 21, 55, 251, 28, 1
122, 15, 69, 39, 8, 34, 53
6, 20, 61, 82, 47, 38, 69, 19, 15, 21, 82, 5
114, 217, 18, 60, 27, 13, 14, 113, 32, 20, 7, 22, 22
13, 59, 4, 99, 5, 21, 41
44, 62, 20, 1, 25, 14
13, 19, 39, 7, 75, 28, 3, 61, 26
12, 53, 14, 2, 49, 88
42, 9, 32, 71, 46, 281, 10, 65, 189, 4, 103, 9
28, 75, 39, 43, 17, 9, 80, 7
36, 68, 30, 11, 34, 35, 14
75, 85, 53, 20, 38, 3, 19, 81, 218
126, 7, 117, 17, 94, 20, 79, 14, 11
5, 2, 58, 34, 24, 35, 134
12, 10, 22, 22, 78, 5, 270, 30
18, 4, 55, 77, 113, 69, 134, 16, 38, 77, 4, 98, 92
19, 69, 34, 9, 3, 5, 38, 45, 9, 93, 31, 12, 72, 10, 26, 193
11, 53, 43, 45, 38, 23, 217, 73, 94
21, 5, 125, 19, 3, 64, 47, 92, 4, 1, 39, 90, 60
11, 203, 60, 29, 5, 36, 126, 30, 207, 123
53, 185, 67, 110, 128, 28, 111, 3, 93
182, 27, 50, 23, 2, 59, 42, 34, 61, 133
32, 33, 58, 95, 119, 27, 96, 116, 109, 18
117, 48, 24, 102, 1, 98, 9, 29, 69, 13
64, 64, 7, 38, 13, 117, 72, 29, 22
26, 7, 98, 79, 1, 7, 60, 54, 30, 3, 77, 106, 44, 57, 79, 30, 14, 43
168, 120, 36, 42, 35, 13, 65, 41, 90, 40, 142
156, 6, 1, 56, 62, 1, 2
13, 40, 157, 6, 5, 56, 4, 28, 9, 24
57, 39, 6, 9, 69, 9, 10, 123, 2, 33, 83, 18, 86
72, 11, 164, 155, 141
6, 39, 41, 15, 16, 27, 113, 24
23, 18, 21, 273, 86, 29, 58, 67, 19, 32, 15, 59
56, 307, 9, 39, 32
203, 55, 16, 5, 46, 58
38, 59, 38, 29, 58, 75, 71
15, 27, 121, 71, 160, 13, 49, 67, 9, 61
44, 24, 54, 76, 59, 76, 34, 83, 57, 109, 34, 17, 15, 22, 58, 64, 9, 77
79, 6, 1, 47, 134, 123, 27, 75
2, 71, 72, 7, 13, 9, 117
53, 126, 80, 11, 14, 10, 4, 63, 16, 146, 43
5, 79, 102, 91, 5, 15, 32, 61, 56
44, 3, 97, 34, 75, 19, 11, 17, 99, 69
121, 11, 53, 4, 113, 29, 130, 3, 76
32, 9, 7, 19, 1, 20, 7, 21, 166, 36, 15
49, 45, 9, 188
52, 59, 63, 13, 25, 41, 17, 95, 8, 28
32, 71, 13, 49, 16, 23, 16, 58, 57, 16, 12
8, 103, 244, 59, 40, 20, 12, 56
29, 91, 1, 25, 42, 236, 31, 1, 4, 54
7, 26, 69, 16, 49, 58, 8, 437
21, 12, 87, 15, 101, 95, 92, 79, 77
5, 95, 1, 6, 2, 6, 12, 118, 4, 5, 21, 47, 39
36, 34, 8, 55, 16
4, 20, 50, 18, 8, 29, 1, 1, 33, 73
44, 16, 38, 61, 44, 3, 10, 162, 29, 32
18, 33, 65, 73, 17, 77, 11, 46, 90
6, 4, 4, 23, 59, 205, 61, 3, 9, 16, 12
44, 1, 138, 99, 9, 47, 35, 27, 67
54, 4, 51, 19, 53, 2
44, 50, 130, 71, 100, 16, 5, 44, 133, 14
6, 52, 160, 65, 56, 32, 13, 53, 46, 14, 54
12, 133, 117, 268, 81, 4, 148, 37, 2, 83, 10, 82, 28
22, 6, 2, 23, 33, 7, 15, 63
61, 152, 67, 134, 39, 32, 18, 44, 9, 144, 25, 142, 3, 15, 160
47, 171, 33, 11, 11, 5, 74, 105, 160, 43
94, 34, 26, 5, 1, 102, 90, 6, 19, 86, 2, 32, 11, 91, 3
12, 74, 7, 10, 16, 34, 73, 126, 24
86, 63, 29, 218, 19, 19, 5
44, 110, 143, 12, 77, 2, 54, 99, 37, 2
49, 30, 11, 20, 171, 53, 113, 38, 111, 71
78, 137, 55, 11, 65, 174, 31, 54, 199
162, 25, 7, 70, 61, 67, 1, 68, 48, 151, 112, 35, 28, 4
16, 2, 38, 6, 15, 31, 31, 302, 54, 106, 213, 80, 177, 42
13, 3, 53, 40, 99, 48, 54, 97, 70
9, 16, 4, 22, 15, 62, 99, 58, 12, 41, 52, 117, 28, 74
114, 6, 17, 5, 10, 43, 39, 128, 3, 103, 26, 125
11, 11, 85, 54, 12, 166, 5, 144, 155
8, 57, 14, 50, 23, 121, 15, 50, 149
3, 171, 13, 96, 60, 2, 61, 43, 70, 5, 7, 3
271, 10, 7, 4, 46, 80, 35
42, 392, 167, 107, 24, 1, 65, 51, 34, 2, 17
129, 24, 30, 2, 10, 62
16, 19, 63, 10, 68, 46, 69, 49, 2, 112, 29, 13, 39, 19
